8 
15 


6 
 
10 

 
 
 
3 
16 
9 
 


 


 


4 
14 
15 
1 

2 
 


14 

9 
7 
 
3 
15 


 
 





4 
13 
2 
12 

 

 
6 
 


 
15 


 
 
 
 
14 
1 
11 
7 
3 
5 
10 

 
8 
13 
12
3 
16 
 
 
2 
4 
 

 
14 
7 
13 


5 
15
11 
 
5 
 

 


 
9 
4 


6 


1 
4 


13 
 
16 

15 


12 


 

 

 

9 

1 
12 

8 
3 
10 
11 
 
15 

2 
12 

11 

 
14 
3 
5 
4 
 
 


9 

6 
3 

4 

 
13 

 
11 
9 
1 

12 
16 
2
 

10 
9 

 


 
 
12 
 
8 
 
6 
7
12 
8 
 

16 

 
10 

13 
 

 
5 
 

5 
 
 
 
3 

4 
6
 
1 
15 




9
7 
9 
1 
6
 
14 

11 

 
2 



10 
8

14 
 
 

13 
9 
1 
4 
12 
11 
8 


2 
3